-0.256338 -0.428877
-1.117243 0.196041
-1.042637 0.058609
0.192619 0.797710
0.951871 -0.685407
0.654690 0.290113
0.557730 0.751729
-0.782654 -0.616472
0.795437 0.534263
0.231912 1.135218
-1.164207 -0.390160
0.214852 -0.058709
-0.408700 1.604173
0.220236 -1.330437
1.111807 -0.221300
-0.229359 -0.641781
-0.055021 0.307978
1.344289 0.258765
1.253651 0.505078
-0.093152 -0.730232
-0.091861 -0.593942
1.090277 0.148761
-0.751363 0.077334
0.481027 -2.008619
0.277446 0.663284
-0.683964 -1.163709
0.752697 0.629876
0.689103 -0.004113
-0.592346 -0.033915
-0.533571 0.542861
-0.141260 0.241199
0.358213 -0.297343
1.527925 -0.670235
0.096702 -0.254199
-0.081030 0.623973
-1.014909 0.978916
-0.435802 -0.426124
-0.978442 1.058881
0.039750 -0.277093
0.728416 0.375944
-0.209156 0.005214
0.409174 -1.090746
-2.002832 0.214321
-1.294236 -0.060054
0.604059 -1.099004
0.665215 -1.317810
0.252643 0.622258
0.716676 0.232736
-0.305111 -0.528341
-1.115457 0.095499
0.849425 -0.918302
0.045309 -0.463994
-1.110286 1.248195
1.204850 0.117286
0.670451 -0.564435
1.279139 -0.240100
-0.147947 -0.188939
0.487724 -0.565793
-0.758815 -0.202038
-1.220812 -0.602263
0.338038 0.314492
0.222411 -1.468059
-0.459732 -1.286804
0.009996 -0.039603
0.609255 0.065107
0.312618 1.929017
0.342859 -1.056113
-0.410033 1.173963
0.490539 -0.285062
-1.105368 0.949571
0.774763 -1.130540
-0.371334 -0.419679
-0.081485 0.522880
0.636223 -1.225193
0.538193 -0.041799
-1.197909 -0.605998
0.214098 -0.645735
-0.133600 0.689688
0.164536 1.032312
1.094958 1.718948
0.526733 0.697869
0.074283 -0.005459
0.629406 0.348048
-1.006738 -0.634395
0.016680 -0.503845
-0.981231 -0.106673
-0.064439 0.117170
-1.142785 0.294064
-0.710481 1.573501
-0.012529 -0.218985
-0.001370 0.434923
0.554770 -0.628402
0.294446 0.035009
-0.487264 -0.571945
0.267173 -0.361591
-0.553225 0.297442
1.022982 -1.193947
-0.411511 0.512491
-0.799555 0.212245
-0.044257 -0.875740
-0.859952 -0.327264
-0.614400 -0.592235
-1.416024 -0.242189
1.135299 -0.484136
0.593809 0.708512
0.379562 -0.206292
0.592252 -0.419009
0.264893 1.166839
0.030434 0.763454
0.591819 1.088239
0.002610 0.753123
-1.354666 0.296678
0.338647 1.158683
0.355749 -0.333727
0.871139 -0.650579
-0.165042 0.753219
-0.244289 0.521596
0.672776 -0.034697
-0.837927 0.243641
0.185416 0.471157
1.115095 0.067710
1.105696 0.153569
0.120022 -1.001393
-0.459233 -0.130874
-0.671962 0.218247
0.742418 -1.129640
0.186551 0.887639
-0.507343 -0.568022
-1.587097 -0.565499
-0.510478 -0.380869
1.006204 0.857178
0.151205 -1.072874
-1.335760 -0.960669
-0.977436 -0.182088
0.167023 -1.112743
-0.791224 0.105926
1.981481 -0.460160
0.032497 0.175484
0.646304 -0.147686
0.980007 0.614798
0.383558 0.212199
0.410248 -0.537040
0.689123 -0.840337
-0.135147 -0.886608
-0.548859 0.417011
-0.972614 -0.249489
-1.438657 0.022868
0.781077 0.535697
0.313953 0.457888
0.305771 0.805427
0.606772 1.009828
-0.392525 -0.695877
0.403616 0.400277
-0.109088 -0.420781
-1.222062 0.122592
0.090084 0.228262
-0.581509 -0.139667
-0.209607 0.211279
-0.803270 0.101223
-0.252766 0.538503
0.329456 0.675711
-1.265747 0.407334
-0.122258 0.085599
0.453569 0.344616
-0.127040 -0.972033
0.376265 -0.051289
0.353808 0.372204
-0.567786 0.587430
-0.658769 -0.387746
1.086943 -0.498750
0.207014 0.483568
-1.037390 1.215511
-0.759105 -0.103694
0.805085 0.480217
0.117599 1.982987
-0.574596 -0.133763
0.165956 0.851809
-0.262492 -0.578319
-0.451713 0.189764
1.027798 -0.112768
1.191037 -0.095538
0.140793 -0.768493
-0.468025 -1.196839
0.814991 0.333091
0.160977 0.190984
-1.538479 0.486540
-1.487042 -0.028594
-0.666270 0.606077
-0.760654 -0.072993
-0.792756 0.408785
-1.139129 -0.122784
0.906772 0.440186
1.263426 -0.333076
-0.452455 -1.336920
0.108435 0.522429
-0.574045 -0.268824
-0.992574 -1.333892
0.506614 -0.141454
1.714631 0.807551
0.415641 0.878984
-0.806603 0.623341
-0.279995 -0.234221
0.743519 -0.434147
-0.905602 -0.802132
0.615803 -1.982192
0.126264 0.167363
0.016252 0.278194
-1.096013 -0.563817
0.905387 0.015654
0.317573 0.038396
-0.588972 1.056056
-0.680517 1.619728
0.708607 0.391299
-1.071424 1.085811
0.055271 -0.448886
0.170402 -0.626595
-0.491122 0.740300
1.490385 -0.840866
-0.294804 0.566063
0.624260 -0.213934
0.694764 0.278511
1.220679 -0.200885
1.104414 0.189294
-0.333498 0.607540
0.319862 -0.104532
-1.084171 -0.314878
0.193302 -0.181477
-0.074713 -0.294801
0.104877 0.505889
0.920455 -0.379028
0.661218 0.230885
0.168808 -0.628456
-0.527800 0.471072
-0.289111 0.006321
0.622058 -0.107765
-0.392985 0.582917
-1.245571 0.701276
-0.165826 -0.506326
0.538408 0.725345
-0.657277 -1.229712
0.053326 -0.389925
-0.150244 0.202028
0.413621 -1.198886
1.088744 -0.149711
0.060312 -0.502008
0.103704 -0.601663
-0.317575 0.167660
-0.576669 0.219946
-0.667379 1.103662
-0.343611 0.125180
-0.510183 0.766057
-0.766128 0.188402
-0.104879 -0.918962
-0.737644 0.420015
-0.003961 0.623864
-0.321489 1.062357
